40
19
030 046 046 046 046 046 046 046 046 046 046 046 046 046 046 046 046 046 046 046 046 046 046 046 046 046 046 046 046 046 046 046 046 046 046 046 046 046 046 030
031 147 000 000 000 000 000 000 000 000 000 000 000 000 000 000 000 000 000 000 000 000 000 000 146 000 000 000 000 000 000 000 000 000 000 000 000 000 000 029
031 146 000 000 000 000 000 000 000 000 000 000 000 000 000 000 000 000 000 000 000 000 000 000 000 000 000 000 000 000 000 000 000 000 000 000 000 000 000 029
031 000 000 000 000 000 000 000 000 000 000 000 000 000 000 000 000 000 000 000 000 000 000 000 000 000 000 000 000 000 000 000 000 000 000 000 000 000 000 029
031 000 000 000 000 000 000 000 000 000 000 000 089 090 091 092 093 094 095 000 000 000 000 000 000 000 000 000 009 000 000 000 011 000 000 000 000 000 000 029
031 000 000 000 000 000 000 000 000 000 000 000 105 106 107 108 109 110 111 000 000 000 000 000 000 000 114 146 025 147 010 000 027 000 010 146 000 000 000 029
031 000 000 000 000 000 000 000 000 000 000 000 121 122 123 124 125 126 127 000 000 000 000 000 000 000 130 000 041 000 026 000 043 000 026 146 000 000 000 029
031 000 000 000 000 000 000 000 000 000 000 000 137 138 139 140 141 142 143 000 000 000 000 000 000 000 000 000 000 000 000 000 000 000 000 000 000 000 000 029
031 000 000 000 000 000 000 000 000 000 000 000 153 154 155 156 157 158 159 000 000 000 000 000 000 000 000 000 000 000 000 000 000 000 000 000 000 000 000 029
008 008 000 000 000 000 000 000 000 000 000 000 007 008 023 000 024 008 007 000 000 000 000 000 000 000 000 000 000 000 000 000 000 000 000 000 000 000 000 029
008 008 000 000 000 000 000 000 000 000 000 000 000 000 007 000 000 000 000 000 000 000 000 000 000 000 000 000 000 000 000 000 000 000 000 000 000 000 000 029
031 000 000 000 000 000 000 000 000 000 000 000 000 000 000 000 000 000 000 000 000 000 000 000 000 000 000 000 000 000 000 000 000 000 000 000 000 000 000 029
031 000 000 000 000 000 000 000 000 000 000 000 000 000 000 000 000 000 000 000 000 000 000 000 000 000 000 000 000 000 000 000 000 000 000 000 000 000 000 029
031 000 000 000 000 000 000 000 000 000 000 000 000 000 000 000 000 000 000 000 000 000 000 000 146 000 000 000 000 000 000 000 000 000 000 000 000 000 000 029
031 000 000 000 000 000 000 000 000 000 000 000 000 000 000 000 000 000 000 000 000 000 000 000 000 000 000 000 000 000 000 000 000 000 000 000 000 000 000 029
031 000 000 000 000 000 000 000 000 000 000 000 000 000 000 000 000 000 000 000 000 000 000 000 000 000 000 000 000 000 000 000 000 000 000 000 000 000 000 029
031 000 000 000 000 146 000 000 000 000 000 000 000 000 000 000 000 000 000 000 000 000 000 000 000 000 000 000 000 000 000 000 000 000 000 000 000 000 000 029
031 000 000 000 000 000 000 000 000 000 000 000 000 000 000 000 000 000 000 000 000 000 000 000 000 000 000 000 000 000 000 000 000 000 000 000 147 000 000 029
030 014 014 014 014 014 014 014 014 014 014 014 014 014 014 014 014 014 014 014 014 014 014 014 014 014 014 014 014 014 014 014 014 014 014 014 014 014 014 030

10
0 0 1 9
0 11 1 9 

0 0 40 1 

39 1 1 19 

0 18 40 1

12 4 2.8 5
12 4 7 3
16.2 4 2.8 5
12 8 1 1
16.2 8 1 1


2
14.5 7 2 1 map_000.txt 16 16
0 9 1 2 outdoor2.txt 37 14

4
4 820 150 17 35 30 23 0.20
4 900 150 17 41 30 23 0.20
4 980 150 17 20 30 23 0.20
4 1060 150 17 20 30 23 0.20
 
