40
19
030 030 337 338 030 030 030 030 030 030 030 030 030 030 030 030 030 030 030 030 030 030 030 030 030 030 030 030 030 030 030 030 030 030 030 337 338 030 030 030
030 030 353 354 030 030 030 030 030 030 030 030 030 030 030 030 030 030 030 030 030 030 030 030 030 030 030 030 030 030 030 030 030 030 030 353 354 030 030 030
030 030 369 370 030 030 030 030 030 030 030 030 030 030 030 030 030 030 030 030 030 030 030 030 030 030 030 030 030 030 030 030 030 030 030 369 370 030 030 030
030 030 385 386 371 030 030 030 030 372 030 030 030 030 030 030 030 030 030 030 030 030 030 030 030 030 030 030 030 371 030 030 030 030 372 385 386 030 030 030
030 030 401 402 387 310 310 310 310 388 030 030 030 030 030 030 030 030 030 030 030 030 030 030 030 030 030 030 030 387 310 310 310 310 388 401 402 030 030 030
030 030 401 402 403 326 326 326 326 404 030 030 030 030 030 030 030 030 030 030 030 030 030 030 030 030 030 030 030 403 326 326 326 326 404 401 402 030 030 030
030 030 401 402 403 342 342 342 342 404 405 311 311 311 311 311 311 311 311 311 311 311 311 311 311 311 311 311 311 403 342 342 342 342 404 401 402 030 030 030
030 030 401 402 403 342 342 342 342 404 327 421 422 328 327 327 421 422 327 327 327 421 422 327 327 328 421 422 327 403 342 342 342 342 404 401 402 030 030 030
030 030 401 402 403 342 342 342 342 404 327 327 327 344 327 327 327 327 327 327 327 327 327 327 327 344 327 327 327 403 342 342 342 342 404 401 402 030 030 030
030 030 401 402 403 342 342 342 342 404 327 327 327 327 327 327 327 327 327 327 327 327 327 327 327 327 327 327 327 403 342 342 342 342 404 401 402 030 030 030
030 030 417 418 419 342 342 342 342 404 327 327 327 327 327 327 327 327 328 423 424 328 327 327 327 327 327 327 327 403 342 342 342 342 404 417 418 030 030 030
030 030 433 434 435 342 342 342 342 436 327 327 327 327 327 327 327 327 344 439 440 344 327 327 327 327 327 327 327 403 342 342 342 342 404 433 434 030 030 030
030 030 449 450 451 358 358 358 358 452 453 359 359 359 359 359 359 359 359 455 456 457 359 359 359 359 359 359 359 451 358 358 358 358 452 449 450 030 030 030
030 030 030 030 030 030 030 030 030 030 030 030 030 030 030 030 030 030 030 471 472 030 030 030 030 030 030 030 030 030 030 030 030 030 030 030 030 030 030 030
046 046 046 046 046 046 046 046 046 046 046 046 046 046 046 046 046 046 046 487 488 046 046 046 046 046 046 046 046 046 046 046 046 046 046 046 046 046 046 046
161 162 163 000 000 000 000 000 000 000 146 000 000 000 000 000 000 000 146 503 504 000 000 000 000 000 000 000 000 000 000 000 000 000 000 000 000 000 008 007
177 178 179 000 000 000 000 000 000 000 000 000 000 000 000 000 000 000 000 000 000 000 000 000 000 000 000 000 000 000 000 000 000 000 000 000 000 000 007 008
193 194 195 000 000 000 000 000 000 000 000 000 000 000 000 000 000 000 000 000 000 000 000 000 146 000 000 000 000 000 000 000 000 000 000 000 000 000 000 000
000 000 145 000 000 000 000 000 000 000 000 000 000 000 000 000 000 000 000 000 000 000 000 000 000 000 000 000 000 000 000 000 000 000 000 000 000 000 000 147

5
2 1 1 18

-1 9 20 6

21 9 19 6

40 1 1 18

-1 19 41 1

2
19 11 2 1 map_001.txt 16 14
39 15 1 2 outdoor.txt 1 8

2
1 100 450 17 35 30 23 0.40
1 100 550 17 35 30 23 0.40

